============================================================
  HASIL EVALUASI: HOG + SVM + LOOCV
  Machine Vision (RE604) - Teknik Robotika
============================================================

[HOG Parameters]
  orientations        : 9
  pixels_per_cell     : (4, 4)
  cells_per_block     : (2, 2)
  block_norm          : L2-Hys
  visualize           : False
  feature_vector      : True

[SVM Parameters]
  kernel              : rbf
  C                   : 10.0
  gamma               : scale
  decision_function_shape: ovr
  random_state        : 42

[Evaluasi]
  Metode              : Leave-One-Out Cross-Validation (LOOCV)
  N Sampel            : 494
  Waktu LOOCV         : 66.34 detik

[Metrik Evaluasi]
  Accuracy            : 0.7368 (73.68%)
  Precision (macro)   : 0.7459
  Precision (weighted): 0.7459
  F1-Score (macro)    : 0.7367
  F1-Score (weighted) : 0.7367

[Classification Report]
              precision    recall  f1-score   support

           1       0.70      0.84      0.76        19
           2       0.67      0.84      0.74        19
           3       0.68      0.68      0.68        19
           4       0.88      0.74      0.80        19
           5       0.57      0.68      0.62        19
           6       0.52      0.63      0.57        19
           7       0.83      0.53      0.65        19
           8       0.75      0.79      0.77        19
           9       0.50      0.53      0.51        19
          10       0.61      0.74      0.67        19
          11       0.88      0.74      0.80        19
          12       0.40      0.32      0.35        19
          13       0.93      0.74      0.82        19
          14       0.65      0.68      0.67        19
          15       0.82      0.95      0.88        19
          16       0.89      0.84      0.86        19
          17       0.82      0.74      0.78        19
          18       0.69      0.58      0.63        19
          19       0.78      0.74      0.76        19
          20       0.65      0.79      0.71        19
          21       0.78      0.74      0.76        19
          22       0.88      0.79      0.83        19
          23       0.95      0.95      0.95        19
          24       0.85      0.89      0.87        19
          25       0.83      0.79      0.81        19
          26       0.89      0.89      0.89        19

    accuracy                           0.74       494
   macro avg       0.75      0.74      0.74       494
weighted avg       0.75      0.74      0.74       494

[Confusion Matrix]
[[16  0  0  0  0  1  0  1  0  0  0  0  0  0  0  0  1  0  0  0  0  0  0  0
   0  0]
 [ 0 16  0  0  1  0  0  0  0  0  0  0  0  0  1  0  0  0  1  0  0  0  0  0
   0  0]
 [ 0  0 13  0  6  0  0  0  0  0  0  0  0  0  0  0  0  0  0  0  0  0  0  0
   0  0]
 [ 0  1  0 14  0  0  0  0  0  1  0  0  0  2  1  0  0  0  0  0  0  0  0  0
   0  0]
 [ 0  0  3  0 13  1  0  0  0  0  0  0  0  0  0  0  0  0  1  1  0  0  0  0
   0  0]
 [ 0  0  0  0  0 12  0  0  1  0  0  0  0  0  0  1  0  2  0  3  0  0  0  0
   0  0]
 [ 0  3  0  0  1  1 10  1  0  1  0  0  0  0  1  0  0  0  1  0  0  0  0  0
   0  0]
 [ 0  2  0  0  0  1  0 15  0  0  0  1  0  0  0  0  0  0  0  0  0  0  0  0
   0  0]
 [ 0  0  0  0  0  0  0  0 10  3  0  6  0  0  0  0  0  0  0  0  0  0  0  0
   0  0]
 [ 0  0  0  1  0  0  0  0  1 14  0  1  0  0  0  0  0  0  1  1  0  0  0  0
   0  0]
 [ 0  0  0  0  0  1  0  0  0  0 14  0  0  0  0  0  0  1  0  0  0  0  0  2
   0  1]
 [ 0  0  0  0  0  1  0  0  8  0  1  6  0  0  0  0  0  0  0  0  1  1  0  0
   0  1]
 [ 0  0  0  0  0  0  0  1  0  0  0  0 14  3  0  0  0  1  0  0  0  0  0  0
   0  0]
 [ 2  0  0  0  0  0  0  0  0  0  0  0  1 13  0  0  0  0  0  0  0  0  1  1
   1  0]
 [ 0  0  1  0  0  0  0  0  0  0  0  0  0  0 18  0  0  0  0  0  0  0  0  0
   0  0]
 [ 0  0  0  0  0  0  0  0  0  0  0  0  0  0  0 16  1  1  0  1  0  0  0  0
   0  0]
 [ 3  1  0  0  1  0  0  0  0  0  0  0  0  0  0  0 14  0  0  0  0  0  0  0
   0  0]
 [ 1  0  2  0  0  2  0  0  0  0  1  0  0  1  0  1  0 11  0  0  0  0  0  0
   0  0]
 [ 0  1  0  0  1  0  2  0  0  1  0  0  0  0  0  0  0  0 14  0  0  0  0  0
   0  0]
 [ 0  0  0  0  0  3  0  0  0  1  0  0  0  0  0  0  0  0  0 15  0  0  0  0
   0  0]
 [ 1  0  0  1  0  0  0  0  0  1  0  0  0  1  1  0  0  0  0  0 14  0  0  0
   0  0]
 [ 0  0  0  0  0  0  0  0  0  0  0  0  0  0  0  0  0  0  0  1  2 15  0  0
   1  0]
 [ 0  0  0  0  0  0  0  0  0  0  0  0  0  0  0  0  0  0  0  0  1  0 18  0
   0  0]
 [ 0  0  0  0  0  0  0  1  0  0  0  0  0  0  0  0  0  0  0  0  0  0  0 17
   1  0]
 [ 0  0  0  0  0  0  0  1  0  1  0  1  0  0  0  0  0  0  0  0  0  1  0  0
  15  0]
 [ 0  0  0  0  0  0  0  0  0  0  0  0  0  0  0  0  1  0  0  1  0  0  0  0
   0 17]]